NAME: Cornillier
COMMENT: Best known 6108
TYPE: HFMCVRP
DIMENSION: 43
EDGE_WEIGHT_TYPE: DISTANCE_MATRIX
VEHICLES: 30
DISTANCE_SECTION
1 0.0 236.2516992 229.9752576 334.9044864 188.9369856 102.8370816 84.6514944 42.647616 9.656064 21.2433408 23.6573568 40.8773376 29.772864 297.5677056 130.1959296 110.0791296 235.768896 223.0550784 120.3789312 49.4068608 28.0025856 297.5677056 185.5573632 304.4878848 364.6773504 110.0791296 110.0791296 303.2004096 14.6450304 15.7715712 79.662528 28.3244544 32.8306176 19.312128 66.4659072 148.059648 55.3614336 28.16352 79.662528 27.358848 120.3789312 120.3789312 120.3789312
2 236.2516992 0.0 4.5061632 355.3431552 248.643648 322.3516032 304.166016 262.1621376 229.1705856 214.6864896 228.8487168 193.7650176 206.9616384 318.0063744 318.1673088 329.5936512 0.804672 18.0246528 247.5171072 254.5982208 225.9518976 318.0063744 257.9778432 324.9265536 385.1160192 329.5936512 329.5936512 323.6390784 220.8019968 219.0317184 284.853888 233.5158144 230.940864 220.6410624 297.5677056 379.1614464 241.0797312 213.8818176 284.853888 215.3302272 247.5171072 247.5171072 247.5171072
3 229.9752576 4.5061632 0.0 356.3087616 249.6092544 316.0751616 297.8895744 255.885696 222.894144 208.410048 222.5722752 187.488576 200.6851968 318.9719808 319.1329152 323.3172096 4.5061632 11.7482112 241.2406656 248.3217792 219.675456 318.9719808 258.9434496 325.89216 386.0816256 323.3172096 323.3172096 324.6046848 214.5255552 212.7552768 278.5774464 227.2393728 224.6644224 214.3646208 291.291264 372.8850048 234.8032896 207.605376 278.5774464 209.0537856 241.2406656 241.2406656 241.2406656
4 334.9044864 355.3431552 356.3087616 0.0 145.645632 432.5916672 414.40608 372.4022016 339.4106496 350.9979264 353.4119424 370.6319232 359.5274496 37.819584 216.2958336 439.8337152 354.860352 344.7214848 272.1400704 379.1614464 357.7571712 37.819584 156.106368 30.577536 33.6352896 439.8337152 439.8337152 31.2212736 344.399616 345.5261568 409.4171136 358.07904 362.5852032 349.0667136 274.8759552 284.049216 385.1160192 357.9181056 409.4171136 357.1134336 272.1400704 272.1400704 272.1400704
5 188.9369856 248.643648 249.6092544 145.645632 0.0 286.6241664 268.4385792 226.4347008 193.4431488 205.0304256 207.4444416 224.6644224 213.5599488 108.3088512 70.3283328 293.8662144 248.1608448 238.0219776 119.896128 233.1939456 211.7896704 108.3088512 8.5295232 115.2290304 175.418496 293.8662144 293.8662144 113.9415552 198.4321152 199.558656 263.4496128 212.1115392 216.6177024 203.0992128 128.9084544 138.0817152 239.1485184 211.9506048 263.4496128 211.1459328 119.896128 119.896128 119.896128
6 102.8370816 322.3516032 316.0751616 432.5916672 286.6241664 0.0 18.507456 128.74752 95.755968 107.3432448 109.7572608 126.9772416 115.872768 395.2548864 227.8831104 70.4892672 321.8688 309.1549824 206.4788352 135.5067648 114.1024896 395.2548864 283.244544 402.1750656 462.3645312 70.4892672 70.4892672 400.8875904 100.7449344 101.8714752 165.762432 114.4243584 118.9305216 105.412032 164.153088 134.8630272 141.4613376 114.263424 165.762432 113.458752 206.4788352 206.4788352 206.4788352
7 84.6514944 304.166016 297.8895744 414.40608 268.4385792 18.507456 0.0 110.5619328 77.5703808 89.1576576 91.5716736 108.7916544 97.6871808 377.0692992 209.6975232 60.8332032 303.6832128 290.9693952 188.293248 117.3211776 95.9169024 377.0692992 265.0589568 383.9894784 444.178944 60.8332032 60.8332032 382.7020032 82.5593472 83.685888 147.5768448 96.2387712 100.7449344 87.2264448 145.9675008 146.6112384 123.2757504 96.0778368 147.5768448 95.2731648 188.293248 188.293248 188.293248
8 42.647616 262.1621376 255.885696 372.4022016 226.4347008 128.74752 110.5619328 0.0 33.6352896 47.1537792 49.5677952 66.787776 55.6833024 335.0654208 167.6936448 92.3763456 261.6793344 248.9655168 146.2893696 75.3172992 53.913024 335.0654208 223.0550784 341.9856 402.1750656 92.3763456 92.3763456 340.6981248 40.5554688 41.6820096 105.5729664 54.2348928 58.741056 45.2225664 103.9636224 185.5573632 81.271872 54.0739584 105.5729664 53.2692864 146.2893696 146.2893696 146.2893696
9 9.656064 229.1705856 222.894144 339.4106496 193.4431488 95.755968 77.5703808 33.6352896 0.0 14.1622272 16.5762432 33.796224 22.6917504 302.0738688 134.7020928 102.998016 228.6877824 215.9739648 113.2978176 42.3257472 20.921472 302.0738688 190.0635264 308.994048 369.1835136 102.998016 102.998016 307.7065728 7.5639168 8.6904576 72.5814144 21.2433408 25.749504 12.2310144 70.9720704 152.5658112 48.28032 21.0824064 72.5814144 20.2777344 113.2978176 113.2978176 113.2978176
10 21.2433408 214.6864896 208.410048 350.9979264 205.0304256 107.3432448 89.1576576 47.1537792 14.1622272 0.0 13.8403584 19.312128 8.2076544 313.6611456 146.2893696 114.5852928 214.2036864 201.4898688 98.8137216 39.5898624 10.9435392 313.6611456 201.6508032 320.5813248 380.7707904 114.5852928 114.5852928 319.2938496 10.1388672 8.6904576 69.8455296 18.507456 15.9325056 5.632704 82.5593472 164.153088 33.796224 6.5983104 69.8455296 5.7936384 98.8137216 98.8137216 98.8137216
11 23.6573568 228.8487168 222.5722752 353.4119424 207.4444416 109.7572608 91.5716736 49.5677952 16.5762432 13.8403584 0.0 33.4743552 22.3698816 316.0751616 148.7033856 116.9993088 228.3659136 215.652096 112.9759488 26.8760448 14.9668992 316.0751616 204.0648192 322.9953408 383.1848064 116.9993088 116.9993088 321.7078656 12.5528832 12.5528832 57.131712 5.7936384 10.2998016 8.6904576 84.9733632 166.567104 47.9584512 20.7605376 57.131712 19.9558656 112.9759488 112.9759488 112.9759488
12 40.8773376 193.7650176 187.488576 370.6319232 224.6644224 126.9772416 108.7916544 66.787776 33.796224 19.312128 33.4743552 0.0 11.7482112 333.2951424 165.9233664 134.2192896 193.2822144 180.5683968 110.7228672 59.2238592 30.577536 333.2951424 221.2848 340.2153216 400.4047872 134.2192896 134.2192896 338.9278464 25.4276352 23.6573568 89.4795264 38.1414528 35.5665024 25.2667008 102.193344 183.7870848 45.7053696 18.507456 89.4795264 19.9558656 110.7228672 110.7228672 110.7228672
13 29.772864 206.9616384 200.6851968 359.5274496 213.5599488 115.872768 97.6871808 55.6833024 22.6917504 8.2076544 22.3698816 11.7482112 0.0 322.1906688 154.8188928 123.114816 206.4788352 193.7650176 92.8591488 48.1193856 19.4730624 322.1906688 210.1803264 329.110848 389.3003136 123.114816 123.114816 327.8233728 14.3231616 12.5528832 78.3750528 27.0369792 24.4620288 14.1622272 91.0888704 172.6826112 27.8416512 7.4029824 78.3750528 8.851392 92.8591488 92.8591488 92.8591488
14 297.5677056 318.0063744 318.9719808 37.819584 108.3088512 395.2548864 377.0692992 335.0654208 302.0738688 313.6611456 316.0751616 333.2951424 322.1906688 0.0 178.9590528 402.4969344 317.5235712 307.384704 234.8032896 341.8246656 320.4203904 0.0 118.7695872 7.242048 67.592448 402.4969344 402.4969344 5.7936384 307.0628352 308.189376 372.0803328 320.7422592 325.2484224 311.7299328 237.5391744 246.7124352 347.7792384 320.5813248 372.0803328 319.7766528 234.8032896 234.8032896 234.8032896
15 130.1959296 318.1673088 319.1329152 216.2958336 70.3283328 227.8831104 209.6975232 167.6936448 134.7020928 146.2893696 148.7033856 165.9233664 154.8188928 178.9590528 0.0 235.1251584 317.6845056 307.5456384 245.42496 174.4528896 153.0486144 178.9590528 66.9487104 185.879232 246.0686976 235.1251584 235.1251584 184.5917568 139.6910592 140.8176 204.7085568 153.3704832 157.8766464 144.3581568 70.1673984 79.3406592 180.4074624 153.2095488 204.7085568 152.4048768 245.42496 245.42496 245.42496
16 110.0791296 329.5936512 323.3172096 439.8337152 293.8662144 70.4892672 60.8332032 92.3763456 102.998016 114.5852928 116.9993088 134.2192896 123.114816 402.4969344 235.1251584 0.0 329.110848 316.3970304 213.7208832 142.7488128 121.3445376 402.4969344 290.486592 409.4171136 469.6065792 0.0 0.0 408.1296384 107.9869824 109.1135232 173.00448 121.6664064 126.1725696 112.65408 171.395136 181.5340032 148.7033856 121.505472 173.00448 120.7008 213.7208832 213.7208832 213.7208832
17 235.768896 0.804672 4.5061632 354.860352 248.1608448 321.8688 303.6832128 261.6793344 228.6877824 214.2036864 228.3659136 193.2822144 206.4788352 317.5235712 317.6845056 329.110848 0.0 17.5418496 247.034304 254.1154176 225.4690944 317.5235712 257.49504 324.4437504 384.633216 329.110848 329.110848 323.1562752 220.3191936 218.5489152 284.3710848 233.0330112 230.4580608 220.1582592 297.0849024 378.6786432 240.596928 213.3990144 284.3710848 214.847424 247.034304 247.034304 247.034304
18 223.0550784 18.0246528 11.7482112 344.7214848 238.0219776 309.1549824 290.9693952 248.9655168 215.9739648 201.4898688 215.652096 180.5683968 193.7650176 307.384704 307.5456384 316.3970304 17.5418496 0.0 226.917504 241.4016 212.7552768 307.384704 247.3561728 314.3048832 374.4943488 316.3970304 316.3970304 313.017408 207.605376 205.8350976 271.6572672 220.3191936 217.7442432 207.4444416 284.3710848 365.9648256 227.8831104 200.6851968 271.6572672 202.1336064 226.917504 226.917504 226.917504
19 120.3789312 247.5171072 241.2406656 272.1400704 119.896128 206.4788352 188.293248 146.2893696 113.2978176 98.8137216 112.9759488 110.7228672 92.8591488 234.8032896 245.42496 213.7208832 247.034304 226.917504 0.0 138.7254528 110.0791296 234.8032896 129.2303232 241.7234688 301.9129344 213.7208832 213.7208832 240.4359936 104.9292288 103.1589504 168.98112 117.6430464 115.068096 104.7682944 181.6949376 263.2886784 100.4230656 91.8935424 168.98112 104.9292288 0.0 0.0 0.0
20 49.4068608 254.5982208 248.3217792 379.1614464 233.1939456 135.5067648 117.3211776 75.3172992 42.3257472 39.5898624 26.8760448 59.2238592 48.1193856 341.8246656 174.4528896 142.7488128 254.1154176 241.4016 138.7254528 0.0 20.5996032 341.8246656 229.8143232 348.7448448 408.9343104 142.7488128 142.7488128 347.4573696 38.3023872 38.3023872 42.4866816 21.5652096 14.6450304 31.7040768 110.7228672 192.316608 73.7079552 46.5100416 42.4866816 32.6696832 138.7254528 138.7254528 138.7254528
21 28.0025856 225.9518976 219.675456 357.7571712 211.7896704 114.1024896 95.9169024 53.913024 20.921472 10.9435392 14.9668992 30.577536 19.4730624 320.4203904 153.0486144 121.3445376 225.4690944 212.7552768 110.0791296 20.5996032 0.0 320.4203904 208.410048 327.3405696 387.5300352 121.3445376 121.3445376 326.0530944 16.898112 16.4153088 58.5801216 9.656064 5.1499008 9.0123264 89.318592 170.9123328 45.061632 17.8637184 58.5801216 12.2310144 110.0791296 110.0791296 110.0791296
22 297.5677056 318.0063744 318.9719808 37.819584 108.3088512 395.2548864 377.0692992 335.0654208 302.0738688 313.6611456 316.0751616 333.2951424 322.1906688 0.0 178.9590528 402.4969344 317.5235712 307.384704 234.8032896 341.8246656 320.4203904 0.0 118.7695872 7.242048 67.592448 402.4969344 402.4969344 5.7936384 307.0628352 308.189376 372.0803328 320.7422592 325.2484224 311.7299328 237.5391744 246.7124352 347.7792384 320.5813248 372.0803328 319.7766528 234.8032896 234.8032896 234.8032896
23 185.5573632 257.9778432 258.9434496 156.106368 8.5295232 283.244544 265.0589568 223.0550784 190.0635264 201.6508032 204.0648192 221.2848 210.1803264 118.7695872 66.9487104 290.486592 257.49504 247.3561728 129.2303232 229.8143232 208.410048 118.7695872 0.0 125.6897664 185.879232 290.486592 290.486592 124.4022912 195.0524928 196.1790336 260.0699904 208.7319168 213.23808 199.7195904 125.528832 134.7020928 235.768896 208.5709824 260.0699904 207.7663104 129.2303232 129.2303232 129.2303232
24 304.4878848 324.9265536 325.89216 30.577536 115.2290304 402.1750656 383.9894784 341.9856 308.994048 320.5813248 322.9953408 340.2153216 329.110848 7.242048 185.879232 409.4171136 324.4437504 314.3048832 241.7234688 348.7448448 327.3405696 7.242048 125.6897664 0.0 60.3504 409.4171136 409.4171136 1.4484096 313.9830144 315.1095552 379.000512 327.6624384 332.1686016 318.650112 244.4593536 253.6326144 354.6994176 327.501504 379.000512 326.696832 241.7234688 241.7234688 241.7234688
25 364.6773504 385.1160192 386.0816256 33.6352896 175.418496 462.3645312 444.178944 402.1750656 369.1835136 380.7707904 383.1848064 400.4047872 389.3003136 67.592448 246.0686976 469.6065792 384.633216 374.4943488 301.9129344 408.9343104 387.5300352 67.592448 185.879232 60.3504 0.0 469.6065792 469.6065792 60.9941376 374.17248 375.2990208 439.1899776 387.851904 392.3580672 378.8395776 304.6488192 313.82208 414.8888832 387.6909696 439.1899776 386.8862976 301.9129344 301.9129344 301.9129344
26 110.0791296 329.5936512 323.3172096 439.8337152 293.8662144 70.4892672 60.8332032 92.3763456 102.998016 114.5852928 116.9993088 134.2192896 123.114816 402.4969344 235.1251584 0.0 329.110848 316.3970304 213.7208832 142.7488128 121.3445376 402.4969344 290.486592 409.4171136 469.6065792 0.0 0.0 408.1296384 107.9869824 109.1135232 173.00448 121.6664064 126.1725696 112.65408 171.395136 181.5340032 148.7033856 121.505472 173.00448 120.7008 213.7208832 213.7208832 213.7208832
27 110.0791296 329.5936512 323.3172096 439.8337152 293.8662144 70.4892672 60.8332032 92.3763456 102.998016 114.5852928 116.9993088 134.2192896 123.114816 402.4969344 235.1251584 0.0 329.110848 316.3970304 213.7208832 142.7488128 121.3445376 402.4969344 290.486592 409.4171136 469.6065792 0.0 0.0 408.1296384 107.9869824 109.1135232 173.00448 121.6664064 126.1725696 112.65408 171.395136 181.5340032 148.7033856 121.505472 173.00448 120.7008 213.7208832 213.7208832 213.7208832
28 303.2004096 323.6390784 324.6046848 31.2212736 113.9415552 400.8875904 382.7020032 340.6981248 307.7065728 319.2938496 321.7078656 338.9278464 327.8233728 5.7936384 184.5917568 408.1296384 323.1562752 313.017408 240.4359936 347.4573696 326.0530944 5.7936384 124.4022912 1.4484096 60.9941376 408.1296384 408.1296384 0.0 312.6955392 313.82208 377.7130368 326.3749632 330.8811264 317.3626368 243.1718784 252.3451392 353.4119424 326.2140288 377.7130368 325.4093568 240.4359936 240.4359936 240.4359936
29 14.6450304 220.8019968 214.5255552 344.399616 198.4321152 100.7449344 82.5593472 40.5554688 7.5639168 10.1388672 12.5528832 25.4276352 14.3231616 307.0628352 139.6910592 107.9869824 220.3191936 207.605376 104.9292288 38.3023872 16.898112 307.0628352 195.0524928 313.9830144 374.17248 107.9869824 107.9869824 312.6955392 0.0 1.2874752 68.5580544 17.2199808 21.726144 8.2076544 75.9610368 157.5547776 39.9117312 12.7138176 68.5580544 16.2543744 104.9292288 104.9292288 104.9292288
30 15.7715712 219.0317184 212.7552768 345.5261568 199.558656 101.8714752 83.685888 41.6820096 8.6904576 8.6904576 12.5528832 23.6573568 12.5528832 308.189376 140.8176 109.1135232 218.5489152 205.8350976 103.1589504 38.3023872 16.4153088 308.189376 196.1790336 315.1095552 375.2990208 109.1135232 109.1135232 313.82208 1.2874752 0.0 68.5580544 17.2199808 21.726144 8.2076544 77.0875776 158.6813184 38.1414528 10.9435392 68.5580544 14.8059648 103.1589504 103.1589504 103.1589504
31 79.662528 284.853888 278.5774464 409.4171136 263.4496128 165.762432 147.5768448 105.5729664 72.5814144 69.8455296 57.131712 89.4795264 78.3750528 372.0803328 204.7085568 173.00448 284.3710848 271.6572672 168.98112 42.4866816 58.5801216 372.0803328 260.0699904 379.000512 439.1899776 173.00448 173.00448 377.7130368 68.5580544 68.5580544 0.0 51.8208768 53.913024 61.959744 140.9785344 222.5722752 103.9636224 76.7657088 0.0 75.9610368 168.98112 168.98112 168.98112
32 28.3244544 233.5158144 227.2393728 358.07904 212.1115392 114.4243584 96.2387712 54.2348928 21.2433408 18.507456 5.7936384 38.1414528 27.0369792 320.7422592 153.3704832 121.6664064 233.0330112 220.3191936 117.6430464 21.5652096 9.656064 320.7422592 208.7319168 327.6624384 387.851904 121.6664064 121.6664064 326.3749632 17.2199808 17.2199808 51.8208768 0.0 4.9889664 10.6216704 89.6404608 171.2342016 52.6255488 25.4276352 51.8208768 24.6229632 117.6430464 117.6430464 117.6430464
33 32.8306176 230.940864 224.6644224 362.5852032 216.6177024 118.9305216 100.7449344 58.741056 25.749504 15.9325056 10.2998016 35.5665024 24.4620288 325.2484224 157.8766464 126.1725696 230.4580608 217.7442432 115.068096 14.6450304 5.1499008 325.2484224 213.23808 332.1686016 392.3580672 126.1725696 126.1725696 330.8811264 21.726144 21.726144 53.913024 4.9889664 0.0 15.1278336 94.146624 175.7403648 50.0505984 22.8526848 53.913024 17.2199808 115.068096 115.068096 115.068096
34 19.312128 220.6410624 214.3646208 349.0667136 203.0992128 105.412032 87.2264448 45.2225664 12.2310144 5.632704 8.6904576 25.2667008 14.1622272 311.7299328 144.3581568 112.65408 220.1582592 207.4444416 104.7682944 31.7040768 9.0123264 311.7299328 199.7195904 318.650112 378.8395776 112.65408 112.65408 317.3626368 8.2076544 8.2076544 61.959744 10.6216704 15.1278336 0.0 80.6281344 162.2218752 39.7507968 12.5528832 61.959744 11.7482112 104.7682944 104.7682944 104.7682944
35 66.4659072 297.5677056 291.291264 274.8759552 128.9084544 164.153088 145.9675008 103.9636224 70.9720704 82.5593472 84.9733632 102.193344 91.0888704 237.5391744 70.1673984 171.395136 297.0849024 284.3710848 181.6949376 110.7228672 89.318592 237.5391744 125.528832 244.4593536 304.6488192 171.395136 171.395136 243.1718784 75.9610368 77.0875776 140.9785344 89.6404608 94.146624 80.6281344 0.0 88.0311168 116.67744 89.4795264 140.9785344 88.6748544 181.6949376 181.6949376 181.6949376
36 148.059648 379.1614464 372.8850048 284.049216 138.0817152 134.8630272 146.6112384 185.5573632 152.5658112 164.153088 166.567104 183.7870848 172.6826112 246.7124352 79.3406592 181.5340032 378.6786432 365.9648256 263.2886784 192.316608 170.9123328 246.7124352 134.7020928 253.6326144 313.82208 181.5340032 181.5340032 252.3451392 157.5547776 158.6813184 222.5722752 171.2342016 175.7403648 162.2218752 88.0311168 0.0 198.2711808 171.0732672 222.5722752 170.2685952 263.2886784 263.2886784 263.2886784
37 55.3614336 241.0797312 234.8032896 385.1160192 239.1485184 141.4613376 123.2757504 81.271872 48.28032 33.796224 47.9584512 45.7053696 27.8416512 347.7792384 180.4074624 148.7033856 240.596928 227.8831104 100.4230656 73.7079552 45.061632 347.7792384 235.768896 354.6994176 414.8888832 148.7033856 148.7033856 353.4119424 39.9117312 38.1414528 103.9636224 52.6255488 50.0505984 39.7507968 116.67744 198.2711808 0.0 26.8760448 103.9636224 39.9117312 100.4230656 100.4230656 100.4230656
38 28.16352 213.8818176 207.605376 357.9181056 211.9506048 114.263424 96.0778368 54.0739584 21.0824064 6.5983104 20.7605376 18.507456 7.4029824 320.5813248 153.2095488 121.505472 213.3990144 200.6851968 91.8935424 46.5100416 17.8637184 320.5813248 208.5709824 327.501504 387.6909696 121.505472 121.505472 326.2140288 12.7138176 10.9435392 76.7657088 25.4276352 22.8526848 12.5528832 89.4795264 171.0732672 26.8760448 0.0 76.7657088 12.7138176 91.8935424 91.8935424 91.8935424
39 79.662528 284.853888 278.5774464 409.4171136 263.4496128 165.762432 147.5768448 105.5729664 72.5814144 69.8455296 57.131712 89.4795264 78.3750528 372.0803328 204.7085568 173.00448 284.3710848 271.6572672 168.98112 42.4866816 58.5801216 372.0803328 260.0699904 379.000512 439.1899776 173.00448 173.00448 377.7130368 68.5580544 68.5580544 0.0 51.8208768 53.913024 61.959744 140.9785344 222.5722752 103.9636224 76.7657088 0.0 75.9610368 168.98112 168.98112 168.98112
40 27.358848 215.3302272 209.0537856 357.1134336 211.1459328 113.458752 95.2731648 53.2692864 20.2777344 5.7936384 19.9558656 19.9558656 8.851392 319.7766528 152.4048768 120.7008 214.847424 202.1336064 104.9292288 32.6696832 12.2310144 319.7766528 207.7663104 326.696832 386.8862976 120.7008 120.7008 325.4093568 16.2543744 14.8059648 75.9610368 24.6229632 17.2199808 11.7482112 88.6748544 170.2685952 39.9117312 12.7138176 75.9610368 0.0 104.9292288 104.9292288 104.9292288
41 120.3789312 247.5171072 241.2406656 272.1400704 119.896128 206.4788352 188.293248 146.2893696 113.2978176 98.8137216 112.9759488 110.7228672 92.8591488 234.8032896 245.42496 213.7208832 247.034304 226.917504 0.0 138.7254528 110.0791296 234.8032896 129.2303232 241.7234688 301.9129344 213.7208832 213.7208832 240.4359936 104.9292288 103.1589504 168.98112 117.6430464 115.068096 104.7682944 181.6949376 263.2886784 100.4230656 91.8935424 168.98112 104.9292288 0.0 0.0 0.0
42 120.3789312 247.5171072 241.2406656 272.1400704 119.896128 206.4788352 188.293248 146.2893696 113.2978176 98.8137216 112.9759488 110.7228672 92.8591488 234.8032896 245.42496 213.7208832 247.034304 226.917504 0.0 138.7254528 110.0791296 234.8032896 129.2303232 241.7234688 301.9129344 213.7208832 213.7208832 240.4359936 104.9292288 103.1589504 168.98112 117.6430464 115.068096 104.7682944 181.6949376 263.2886784 100.4230656 91.8935424 168.98112 104.9292288 0.0 0.0 0.0
43 120.3789312 247.5171072 241.2406656 272.1400704 119.896128 206.4788352 188.293248 146.2893696 113.2978176 98.8137216 112.9759488 110.7228672 92.8591488 234.8032896 245.42496 213.7208832 247.034304 226.917504 0.0 138.7254528 110.0791296 234.8032896 129.2303232 241.7234688 301.9129344 213.7208832 213.7208832 240.4359936 104.9292288 103.1589504 168.98112 117.6430464 115.068096 104.7682944 181.6949376 263.2886784 100.4230656 91.8935424 168.98112 104.9292288 0.0 0.0 0.0
DEMAND_SECTION
1 0
2 15500 5000
3 32000
4 15000 25000
5 21000
6 16000
7 5000 16000
8 32000 6000
9 21000
10 27000
11 27000
12 21000 6000
13 22000 5500
14 15500
15 38000 5000 8000
16 31000 21000
17 22000
18 6000 26000
19 5000
20 28000 24000
21 15000 7000
22 5000
23 4000
24 8000 10000
25 29000 26250
26 49000
27 48500
28 50000
29 27000 5500
30 27000
31 26000 5500
32 11000 17000
33 32000
34 27000
35 13000 10000
36 22000 6000
37 27000
38 24000
39 26000 22000
40 15000
41 12000 5000
42 8000
43 10000
VEHICLE_SECTION
17000, 6000, 10000, 10000, 7000, 10000
17000, 6000, 10000, 10000, 7000, 10000
17000, 6000, 10000, 10000, 7000, 10000
17000, 6000, 10000, 10000, 7000, 10000
17000, 6000, 10000, 10000, 7000, 10000
17000, 6000, 10000, 10000, 7000, 10000
17000, 6000, 10000, 10000, 7000, 10000
17000, 6000, 10000, 10000, 7000, 10000
17000, 6000, 10000, 10000, 7000, 10000
16000, 6000, 6000, 10000, 16000
16000, 6000, 6000, 10000, 16000
16000, 6000, 6000, 10000, 16000
16000, 6000, 6000, 10000, 16000
16000, 6000, 6000, 10000, 16000
16000, 6000, 6000, 10000, 16000
16000, 6000, 6000, 10000, 16000
16000, 6000, 6000, 10000, 16000
16000, 6000, 6000, 10000, 16000
16000, 6000, 6000, 10000, 16000
16000, 8000, 12000, 14000
16000, 8000, 12000, 14000
16000, 8000, 12000, 14000
16000, 8000, 12000, 14000
16000, 8000, 12000, 14000
16000, 8000, 12000, 14000
16000, 8000, 12000, 14000
16000, 8000, 12000, 14000
16000, 8000, 12000, 14000
16000, 8000, 12000, 14000
17000, 6000, 10000, 10000, 7000, 10000
EOF
